{
 "cells": [
  {
   "cell_type": "code",
   "execution_count": 17,
   "metadata": {},
   "outputs": [],
   "source": [
    "import numpy as np\n",
    "from numpy.linalg import inv"
   ]
  },
  {
   "cell_type": "code",
   "execution_count": 3,
   "metadata": {
    "collapsed": true
   },
   "outputs": [],
   "source": [
    "import tensorflow as tf"
   ]
  },
  {
   "cell_type": "code",
   "execution_count": 5,
   "metadata": {
    "collapsed": true
   },
   "outputs": [],
   "source": [
    "import matplotlib as plt"
   ]
  },
  {
   "cell_type": "code",
   "execution_count": 9,
   "metadata": {},
   "outputs": [
    {
     "name": "stdout",
     "output_type": "stream",
     "text": [
      "[[ 0.  0.  0.  0.  0.  0.  0.  0.  0.  0.]\n",
      " [ 0.  0.  0.  0.  0.  0.  0.  0.  0.  0.]\n",
      " [ 0.  0.  0.  0.  0.  0.  0.  0.  0.  0.]\n",
      " [ 0.  0.  0.  0.  0.  0.  0.  0.  0.  0.]\n",
      " [ 0.  0.  0.  0.  0.  0.  0.  0.  0.  0.]\n",
      " [ 0.  0.  0.  0.  0.  0.  0.  0.  0.  0.]\n",
      " [ 0.  0.  0.  0.  0.  0.  0.  0.  0.  0.]\n",
      " [ 0.  0.  0.  0.  0.  0.  0.  0.  0.  0.]\n",
      " [ 0.  0.  0.  0.  0.  0.  0.  0.  0.  0.]\n",
      " [ 0.  0.  0.  0.  0.  0.  0.  0.  0.  0.]]\n"
     ]
    }
   ],
   "source": [
    "a = np.zeros((10,10))\n",
    "\n",
    "print(a)"
   ]
  },
  {
   "cell_type": "code",
   "execution_count": 12,
   "metadata": {},
   "outputs": [
    {
     "name": "stdout",
     "output_type": "stream",
     "text": [
      "[[ 1.  1.  1.  1.  1.  1.  1.  1.  1.  1.]\n",
      " [ 1.  1.  1.  1.  1.  1.  1.  1.  1.  1.]\n",
      " [ 1.  1.  1.  1.  1.  1.  1.  1.  1.  1.]\n",
      " [ 1.  1.  1.  1.  1.  1.  1.  1.  1.  1.]\n",
      " [ 1.  1.  1.  1.  1.  1.  1.  1.  1.  1.]\n",
      " [ 1.  1.  1.  1.  1.  1.  1.  1.  1.  1.]\n",
      " [ 1.  1.  1.  1.  1.  1.  1.  1.  1.  1.]\n",
      " [ 1.  1.  1.  1.  1.  1.  1.  1.  1.  1.]\n",
      " [ 1.  1.  1.  1.  1.  1.  1.  1.  1.  1.]\n",
      " [ 1.  1.  1.  1.  1.  1.  1.  1.  1.  1.]]\n"
     ]
    }
   ],
   "source": [
    "b = np.ones((10,10))\n",
    "\n",
    "print(b)"
   ]
  },
  {
   "cell_type": "code",
   "execution_count": 22,
   "metadata": {},
   "outputs": [
    {
     "name": "stdout",
     "output_type": "stream",
     "text": [
      "[[ 1.  0.  0.  0.  0.  0.  0.  0.  0.  0.]\n",
      " [ 0.  1.  0.  0.  0.  0.  0.  0.  0.  0.]\n",
      " [ 0.  0.  1.  0.  0.  0.  0.  0.  0.  0.]\n",
      " [ 0.  0.  0.  1.  0.  0.  0.  0.  0.  0.]\n",
      " [ 0.  0.  0.  0.  1.  0.  0.  0.  0.  0.]\n",
      " [ 0.  0.  0.  0.  0.  1.  0.  0.  0.  0.]\n",
      " [ 0.  0.  0.  0.  0.  0.  1.  0.  0.  0.]\n",
      " [ 0.  0.  0.  0.  0.  0.  0.  1.  0.  0.]\n",
      " [ 0.  0.  0.  0.  0.  0.  0.  0.  1.  0.]\n",
      " [ 0.  0.  0.  0.  0.  0.  0.  0.  0.  1.]]\n"
     ]
    }
   ],
   "source": [
    "c = np.eye(10)\n",
    "\n",
    "print(c)"
   ]
  },
  {
   "cell_type": "code",
   "execution_count": 24,
   "metadata": {},
   "outputs": [
    {
     "name": "stdout",
     "output_type": "stream",
     "text": [
      "[[ 1.  0.  0.  0.  0.  0.  0.  0.  0.  0.]\n",
      " [ 0.  1.  0.  0.  0.  0.  0.  0.  0.  0.]\n",
      " [ 0.  0.  1.  0.  0.  0.  0.  0.  0.  0.]\n",
      " [ 0.  0.  0.  1.  0.  0.  0.  0.  0.  0.]\n",
      " [ 0.  0.  0.  0.  1.  0.  0.  0.  0.  0.]\n",
      " [ 0.  0.  0.  0.  0.  1.  0.  0.  0.  0.]\n",
      " [ 0.  0.  0.  0.  0.  0.  1.  0.  0.  0.]\n",
      " [ 0.  0.  0.  0.  0.  0.  0.  1.  0.  0.]\n",
      " [ 0.  0.  0.  0.  0.  0.  0.  0.  1.  0.]\n",
      " [ 0.  0.  0.  0.  0.  0.  0.  0.  0.  1.]]\n"
     ]
    }
   ],
   "source": [
    "print(c * b)"
   ]
  },
  {
   "cell_type": "code",
   "execution_count": 26,
   "metadata": {},
   "outputs": [
    {
     "name": "stdout",
     "output_type": "stream",
     "text": [
      "[[ 0.22978298  0.61527208  0.02356068  0.57505285  0.24028465  0.00809197\n",
      "   0.6581292   0.44119153  0.28047396  0.05975378]\n",
      " [ 0.0919267   0.17212182  0.6453301   0.14850595  0.83092845  0.70276894\n",
      "   0.58874203  0.85706743  0.14531019  0.06579125]\n",
      " [ 0.54472476  0.27480563  0.19286446  0.56325544  0.08806353  0.7672292\n",
      "   0.5016974   0.36338899  0.44332913  0.95871939]\n",
      " [ 0.6099092   0.90692885  0.41951812  0.44094865  0.79832093  0.53203038\n",
      "   0.81261209  0.38420077  0.73093042  0.0505989 ]\n",
      " [ 0.78340139  0.52785039  0.93663335  0.91320876  0.77870936  0.69036166\n",
      "   0.92508902  0.49884479  0.07688362  0.08534985]\n",
      " [ 0.04132423  0.89897474  0.31931364  0.25508207  0.6865935   0.95423377\n",
      "   0.48587238  0.81856995  0.51014998  0.27489147]\n",
      " [ 0.7256467   0.82215627  0.77983745  0.99468929  0.43191563  0.65927093\n",
      "   0.11613337  0.77209681  0.39033112  0.77780168]\n",
      " [ 0.35172002  0.59474885  0.88315103  0.83815676  0.20577     0.80136921\n",
      "   0.09457142  0.12215057  0.93796728  0.62116889]\n",
      " [ 0.86408261  0.41189789  0.6778846   0.51053464  0.43082275  0.69778807\n",
      "   0.63215209  0.29454008  0.43922528  0.34886213]\n",
      " [ 0.61834754  0.55608659  0.94166877  0.59869631  0.59973032  0.80621314\n",
      "   0.32779011  0.05488944  0.25194112  0.61720476]]\n"
     ]
    },
    {
     "data": {
      "text/plain": [
       "array([[ -1.17153674e+00,  -5.59850668e-01,   7.00391181e-02,\n",
       "          7.53190730e-01,   2.13779916e-01,  -2.28380675e-01,\n",
       "          7.80862493e-01,  -6.28682764e-01,   9.53464096e-01,\n",
       "         -8.15536724e-01],\n",
       "       [  1.80289300e+00,  -7.47213411e-01,  -1.34618490e+00,\n",
       "         -1.33118458e+00,  -1.17321026e+00,   1.26545713e+00,\n",
       "         -1.70675744e-01,  -4.50262944e-01,   1.71367101e+00,\n",
       "          1.40354835e+00],\n",
       "       [  2.67465951e+00,   1.02260421e+00,  -1.92999774e+00,\n",
       "         -2.39695881e+00,  -2.04828910e+00,  -4.06656680e-03,\n",
       "         -5.62071108e-01,   3.40238623e-01,   3.00712178e+00,\n",
       "          1.77771254e+00],\n",
       "       [ -1.84872661e+00,  -6.97268956e-01,   1.34991937e+00,\n",
       "          1.45778928e+00,   2.66650454e+00,  -4.80250558e-01,\n",
       "          5.10745785e-01,   6.77623183e-01,  -3.27320252e+00,\n",
       "         -1.59341571e+00],\n",
       "       [ -2.55459004e+00,   5.12478667e-01,   1.50039865e+00,\n",
       "          3.35075983e+00,   1.31377917e+00,  -1.38369557e+00,\n",
       "          7.71547093e-01,  -3.03508305e-01,  -4.10200120e+00,\n",
       "         -3.26291769e-01],\n",
       "       [ -2.08901484e+00,  -1.19997052e+00,   7.17920764e-01,\n",
       "          3.34335142e-02,   1.88456533e+00,   1.43519267e+00,\n",
       "         -3.13821485e-01,   2.12927794e-01,  -5.29586174e-01,\n",
       "         -1.20704260e+00],\n",
       "       [  2.38283978e+00,   5.13053232e-01,  -2.97566429e-01,\n",
       "         -1.40245815e+00,  -9.53039684e-01,   9.92487789e-02,\n",
       "         -1.27583420e+00,  -7.52811307e-02,   1.63615983e+00,\n",
       "          1.13816473e+00],\n",
       "       [  5.92337599e-01,   7.04306552e-01,  -4.38993069e-01,\n",
       "         -7.51926892e-01,  -6.73528836e-01,   1.36568654e-01,\n",
       "          6.66048134e-01,  -1.56539454e-01,   1.19390986e+00,\n",
       "         -7.13208368e-01],\n",
       "       [ -4.20915721e-01,   5.41331140e-01,   2.73137478e-01,\n",
       "          1.17747379e+00,  -4.37143895e-01,  -7.52713346e-01,\n",
       "          2.87060998e-02,   8.50576819e-01,  -2.46552957e-01,\n",
       "         -8.94916122e-01],\n",
       "       [  1.32654937e+00,   8.63671555e-01,   4.67758631e-01,\n",
       "         -2.80761986e-01,  -1.61238829e+00,  -7.27065057e-01,\n",
       "          4.38566592e-04,  -4.17400391e-01,  -1.08974310e-01,\n",
       "          1.72406597e+00]])"
      ]
     },
     "execution_count": 26,
     "metadata": {},
     "output_type": "execute_result"
    }
   ],
   "source": [
    "randomarray = np.random.random((10,10))\n",
    "\n",
    "print(randomarray)\n",
    "\n",
    "inv(randomarray)"
   ]
  },
  {
   "cell_type": "code",
   "execution_count": null,
   "metadata": {
    "collapsed": true
   },
   "outputs": [],
   "source": []
  }
 ],
 "metadata": {
  "kernelspec": {
   "display_name": "Python 3",
   "language": "python",
   "name": "python3"
  },
  "language_info": {
   "codemirror_mode": {
    "name": "ipython",
    "version": 3
   },
   "file_extension": ".py",
   "mimetype": "text/x-python",
   "name": "python",
   "nbconvert_exporter": "python",
   "pygments_lexer": "ipython3",
   "version": "3.6.2"
  }
 },
 "nbformat": 4,
 "nbformat_minor": 2
}
